word 1	word 2	score
book,text,1,7,0,1,7,0,0,0,6,0,0,4,7,2.54					
night,day,0,0,0,0,0,0,0,0,0,0,0,0,0,0.00			
south,north,0,1,0,0,0,0,0,0,0,0,0,0,0,0.08			
plane,airport,0,1,0,0,6,0,1,0,2,4,0,0,7,1.62			
bottom,top,0,0,0,1,0,0,0,0,0,0,0,0,0,0.08			
world,globe,1,3,6,2,8,10,10,10,10,5,9,3,5,6.31			
leg,arm,1,0,0,1,0,0,0,0,0,0,0,0,0,0.15			
plane,jet,9,7,6,8,8,5,5,5,4,0,5,8,9,6.08			
movie,film,9,10,9,8,10,9,9,9,10,10,9,10,8,9.23			
word,dictionary,0,2,0,1,7,1,1,0,5,4,0,0,5,2.00			
money,salary,8,3,0,5,7,1,1,1,7,7,5,9,6,4.62			
area,region,9,9,8,10,10,9,9,9,10,10,7,9,8,9.00			
navy,army,0,4,0,2,0,2,2,2,5,5,0,0,0,1.69			
book,literature,1,6,1,5,8,1,1,1,0,0,5,9,8,3.54			
clothes,closet,0,1,0,1,7,0,1,0,2,0,0,0,3,1.15			
sunset,sunrise,1,0,0,0,0,0,0,0,0,0,0,0,0,0.08					
book,story,1,5,3,3,6,0,0,0,2,0,0,1,7,2.15			
winter,summer,0,1,0,1,0,0,0,0,0,0,0,0,0,0.15			
taxi,cab,9,10,8,10,10,10,10,10,10,10,10,9,9,9.62			
tree,maple,9,4,5,5,6,7,7,7,7,8,5,7,5,6.31			
bed,bedroom,1,1,0,0,5,0,0,0,0,0,0,0,3,0.77			
roof,ceiling,2,3,7,0,7,9,9,9,0,0,3,4,6,4.54			
disease,infection,8,3,5,8,8,9,9,9,6,5,5,10,7,7.08			
arm,shoulder,3,2,0,3,6,7,7,7,0,2,0,1,7,3.46			
boat,anchor,4,2,0,0,7,5,5,5,0,4,0,6,0,2.92			
toe,finger,0,1,0,0,5,5,2,4,0,7,9,6,5,3.38			
river,stream,6,2,6,4,3,6,5,6,0,8,0,3,8,4.38			
anger,fury,10,10,10,9,6,5,5,2,8,10,9,9,10,7.92			
date,calendar,5,2,2,4,5,5,5,5,0,7,10,5,0,4.23			
sea,ocean,7,2,8,10,5,4,7,5,2,8,9,5,9,6.23			
second,minute,4,2,0,0,5,4,5,4,0,6,0,2,3,2.69			
hand,thumb,4,2,0,1,6,5,4,6,0,8,0,5,2,3.31			
wood,log,8,2,1,2,5,6,5,5,0,8,10,0,7,4.54			
mud,dirt,5,1,0,7,5,5,5,2,1,8,9,2,8,4.46			
hallway,corridor,10,10,10,7,5,6,6,7,10,10,10,10,10,8.54			
way,manner,3,10,10,7,4,5,5,5,7,8,9,8,0,6.23			
cop,sheriff,7,4,8,10,5,6,5,5,10,9,10,10,8,7.46			
death,burial,7,2,2,6,5,5,5,7,0,9,9,3,3,4.85			
music,melody,8,2,7,8,4,4,5,5,9,7,9,8,8,6.46			
beer,alcohol,7,2,2,10,4,5,5,5,3,10,10,6,8,5.92			
mouth,lip,5,2,2,8,7,5,6,6,2,8,9,6,7,5.62			
storm,hurricane,7,5,0,7,4,7,5,6,10,10,10,10,8,6.85			
tax,income,1,2,0,0,5,5,5,6,1,7,0,4,0,2.77			
flower,violet,7,2,1,9,7,7,3,7,0,8,0,6,8,5.00			
paper,cardboard,5,2,0,2,4,5,6,5,2,8,0,4,3,3.54			
floor,ceiling,0,2,0,0,5,2,5,6,0,1,0,0,0,1.62			
beach,seashore,8,3,0,10,5,5,5,5,8,8,9,8,10,6.46			
rod,curtain,4,1,0,0,5,6,6,5,0,0,0,3,0,2.31			
hound,fox,0,1,0,0,4,5,5,5,0,6,0,0,0,2.00			
street,alley,0,2,7,4,2,2,5,6,2,7,10,5,2,4.15			
boat,deck,0,1,0,0,5,6,4,5,2,1,0,5,0,2.23			
car,horn,0,2,0,0,4,5,5,5,0,7,0,2,0,2.31			
hand,wrist,4,0,0,0,5,6,7,6,1,1,0,6,0,2.77			
ball,cannon,0,2,0,0,5,5,6,5,0,9,0,10,5,3.62			
alcohol,brandy,7,2,3,10,5,4,2,6,3,4,9,5,7,5.15			
victory,triumph,0,10,10,10,5,6,5,4,10,9,10,10,10,7.62			
telephone,booth,0,2,0,0,5,7,4,5,0,0,0,0,2,1.92			
door,doorway,5,2,1,5,5,5,5,5,9,6,10,7,7,5.54			
motel,inn,7,2,0,10,5,7,6,4,8,8,9,0,10,5.85			
clothes,cloth,5,2,0,0,4,6,5,5,8,7,0,3,3,3.69			
steak,meat,7,2,8,9,5,5,6,6,8,9,10,5,9,6.85			
nail,thumb,0,2,0,0,7,6,6,5,0,1,0,5,2,2.62			
band,orchestra,5,3,6,9,4,4,4,6,2,8,10,4,8,5.62			
book,bible,7,1,2,10,5,7,6,5,1,8,0,7,8,5.15			
business,industry,5,2,8,4,7,5,5,7,3,7,9,6,6,5.69			
winter,season,7,2,1,8,5,5,4,4,0,8,0,3,5,4.00			
decade,century,2,1,0,0,4,5,6,6,0,10,0,0,1,2.69			
alcohol,gin,7,2,0,9,6,5,7,6,0,8,9,6,7,5.54			
hat,coat,0,0,0,0,7,5,5,5,0,2,0,5,0,2.23			
window,door,3,1,0,0,0,2,0,2,0,5,3,2,2,1.54			
arm,wrist,2,7,0,1,2,3,0,1,5,3,1,3,4,2.46			
house,apartment,4,6,8,9,0,3,6,4,7,7,3,9,5,5.46			
glass,crystal,6,8,0,6,1,3,7,4,7,5,3,6,6,4.77			
wine,brandy,1,5,9,5,0,4,1,4,3,4,4,6,4,3.85			
dinner,breakfast,4,0,0,0,0,0,0,1,2,5,0,0,4,1.23			
arm,muscle,0,5,0,5,0,2,0,2,2,4,2,3,2,2.08			
bubble,suds,6,9,9,7,9,2,7,2,7,3,3,4,1,5.31			
bread,flour,1,2,0,1,0,2,0,2,2,5,2,4,0,1.62			
death,tragedy,1,7,9,7,4,4,6,4,0,5,2,2,7,4.46			
absence,presence,0,0,0,0,0,0,0,0,0,1,0,0,0,0.08			
gun,cannon,3,8,0,7,2,2,7,1,5,1,3,8,5,4.00			
grass,blade,3,5,0,5,0,0,1,0,3,2,0,0,2,1.62			
ball,basket,0,0,0,0,0,2,0,2,1,2,3,3,6,1.46			
hose,garden,1,2,0,0,0,1,0,0,0,3,0,1,2,0.77			
church,choir,2,3,0,0,0,1,0,1,3,5,2,1,1,1.46			
clothes,drawer,0,0,0,0,0,1,0,1,1,3,1,3,3,1.00			
tower,bell,0,0,0,0,0,2,0,3,0,4,2,1,1,1.00					
school,grade,0,6,0,0,0,4,2,3,0,5,4,2,2,2.15					
bar,jail,0,2,0,0,0,1,2,0,0,4,1,1,2,1.00			
car,highway,1,1,0,0,0,1,0,1,0,3,1,3,3,1.08			
dictionary,definition,1,7,0,9,0,2,0,3,0,5,1,2,5,2.69			
door,cellar,0,0,0,0,0,1,0,1,0,1,2,1,2,0.62			
army,legion,5,10,8,9,6,5,8,5,6,4,5,2,8,6.23			
metal,aluminum,5,10,0,8,8,3,7,3,5,4,3,4,4,4.92			
chair,bench,5,9,0,5,3,3,7,3,6,5,2,8,6,4.77			
cloud,fog,3,9,0,8,2,3,8,3,7,7,3,6,4,4.85			
water,ice,2,7,0,5,3,2,5,2,5,6,3,4,6,3.85			
bed,blanket,1,2,0,0,0,2,1,3,3,4,3,3,4,2.00					
area,zone,10,10,9,10,7,9,8,9,9,9,9,10,10,9.15			
business,company,10,10,9,10,9,5,10,5,10,9,5,4,10,8.15			
clothes,fabric,3,7,8,6,1,3,1,4,3,1,4,3,2,3.54			
sweater,jacket,1,2,0,8,3,4,7,5,3,1,4,10,7,4.23			
money,capital,9,9,0,9,6,3,10,5,8,6,4,3,1,5.62			
hand,foot,2,0,0,0,0,0,0,0,1,4,1,0,1,0.69			
alcohol,cocktail,3,7,8,8,5,5,7,3,8,5,4,6,4,5.62			
yard,inch,3,1,0,0,0,3,1,3,0,4,3,1,3,1.69			
molecule,atom,3,8,0,7,0,2,9,1,4,7,2,3,5,3.92			
lens,camera,4,1,0,5,0,2,1,4,3,7,2,1,6,2.77			
meal,dinner,6,8,8,9,7,5,7,5,8,5,5,7,7,6.69			
eye,tear,1,0,0,0,0,2,0,2,0,2,2,3,5,1.31			
god,devil,0,0,0,0,0,0,0,0,1,1,0,0,1,0.23			
loop,belt,0,2,0,0,0,2,0,1,5,3,1,6,4,1.85			
motor,engine,6,10,10,10,8,7,9,10,5,7,9,10,10,8.54			
cat,lion,0,2,0,8,8,0,3,8,0,0,0,9,3,3.15			
size,magnitude,8,2,0,9,8,7,2,6,7,7,9,3,10,6.00			
reality,fantasy,0,2,0,0,0,0,1,0,0,0,0,0,0,0.23			
door,gate,5,10,10,7,8,10,10,8,4,7,10,5,0,7.23			
tin,aluminum,3,2,0,0,0,1,1,6,5,4,0,0,1,1.77			
bone,jaw,1,1,0,0,7,0,1,6,3,2,0,3,1,1.92			
cereal,wheat,0,2,0,0,2,0,2,0,2,0,0,0,1,0.69			
house,key,0,2,0,0,0,0,2,0,0,0,0,0,0,0.31			
blood,flesh,0,2,0,0,4,0,2,2,1,0,0,0,0,0.85			
door,corridor,0,1,0,0,0,0,1,0,1,0,0,0,0,0.23			
god,spirit,0,2,0,6,9,0,2,2,3,3,0,8,1,2.77			
capability,competence,8,2,8,0,9,3,2,6,3,5,9,6,1,4.77			
abundance,plenty,9,8,10,10,8,8,8,8,0,0,9,10,10,7.54			
sofa,chair,0,2,2,0,5,6,2,2,3,5,0,9,0,2.77			
wall,brick,0,2,0,0,0,0,2,0,2,4,0,0,0,0.77			
horn,drum,0,0,0,0,0,0,0,0,3,3,0,0,0,0.46			
organ,liver,3,2,1,0,4,4,2,6,2,0,0,8,1,2.54			
strength,might,0,2,1,10,7,0,2,8,1,0,0,8,9,3.69			
phrase,word,4,2,0,0,1,0,0,0,1,0,0,1,0,0.69			
band,parade,0,2,0,0,0,0,0,5,0,0,0,0,0,0.54			
stomach,waist,0,2,0,0,4,0,2,0,1,2,0,7,0,1.38			
cloud,storm,0,2,0,0,5,0,2,0,3,3,0,0,0,1.15			
joy,pride,7,2,0,0,0,0,1,5,5,5,9,9,2,3.46			
noise,rattle,7,2,0,6,8,0,2,4,0,0,0,7,0,2.77			
rain,mist,0,1,1,6,9,2,1,6,3,3,0,3,2,2.85			
beer,beverage,7,2,1,7,7,7,2,2,7,6,0,8,1,4.38			
apple,juice,0,1,0,0,0,0,1,0,2,0,0,0,1,0.38			
intelligence,logic,8,2,0,2,8,0,2,6,4,4,0,8,3,3.62			
communication,language,8,2,1,8,5,9,1,8,5,3,9,10,4,5.62			
mink,fur,0,0,0,0,0,0,0,0,3,2,0,0,1,0.46			
mob,crowd,6,2,0,8,8,0,2,8,5,3,0,7,6,4.23			
shore,coast,0,10,10,10,7,0,9,10,3,6,9,9,0,6.38			
wire,cord,0,2,0,6,7,4,2,4,4,5,9,9,8,4.62			
bird,turkey,0,2,0,7,3,0,2,4,3,0,0,8,1,2.31			
bed,crib,0,2,1,7,4,1,1,6,2,0,9,8,0,3.15			
competence,ability,10,2,6,9,8,0,3,6,4,3,9,9,9,6.00			
cloud,haze,0,2,0,4,5,2,2,2,2,3,9,7,1,3.00			
supper,meal,7,2,6,5,4,8,2,6,2,0,0,9,0,3.92			
bar,cage,0,2,0,0,0,0,2,2,0,0,0,0,7,1.00			
water,salt,0,2,0,0,0,0,1,0,0,0,0,0,0,0.23			
sense,intuition,6,2,6,9,5,9,3,6,3,7,9,9,8,6.31			
situation,condition,10,2,1,7,8,8,3,6,5,6,9,7,0,5.54			
crime,theft,7,2,0,7,7,2,2,10,5,7,9,9,6,5.62			
style,fashion,5,2,2,9,7,0,2,8,6,5,9,7,10,5.54			
boundary,border,10,10,10,10,9,10,10,8,7,7,9,9,9,9.08			
arm,body,3,2,0,0,3,0,2,2,1,6,0,0,1,1.54			
boat,car,2,0,0,0,5,3,5,0,1,0,0,0,1,1.31			
sandwich,lunch,0,0,4,0,5,2,2,4,2,3,3,1,5,2.38			
car,gauge,0,0,0,0,3,2,4,1,1,1,2,0,0,1.08						
crib,cradle,10,5,6,7,3,2,5,9,9,9,9,6,8,6.77			
marijuana,herb,3,0,10,1,3,3,2,3,5,3,3,2,2,3.08			
bed,hospital,0,0,0,0,4,4,3,2,1,1,1,2,6,1.85			
cheek,tongue,0,0,0,0,4,3,6,2,0,2,1,0,3,1.62			
disc,computer,0,0,0,0,4,3,4,2,1,2,1,1,3,1.62			
curve,angle,6,0,0,1,3,6,2,2,1,3,2,1,4,2.38			
grass,moss,1,0,0,0,5,3,3,3,4,4,3,1,6,2.54			
school,law,0,0,0,0,3,2,6,5,2,2,1,0,0,1.62			
foot,head,0,0,0,0,3,3,5,0,0,0,0,1,2,1.08			
alcohol,whiskey,5,1,5,9,5,5,6,6,6,5,6,4,8,5.46			
mouth,tooth,2,0,0,0,4,5,2,3,2,3,3,3,1,2.15			
breakfast,bacon,2,0,4,1,5,2,2,3,3,3,3,1,0,2.23			
bathroom,bedroom,1,0,0,0,7,2,5,0,0,1,0,1,2,1.46			
plate,bowl,2,0,0,0,3,5,4,1,2,3,3,2,2,2.08			
meat,bacon,2,0,5,4,3,5,4,2,2,3,2,4,8,3.38			
air,helium,2,0,0,0,3,4,3,1,1,1,1,1,6,1.77			
body,chest,1,0,0,0,4,2,4,1,1,2,1,2,4,1.69			
heart,surgery,0,0,0,0,2,3,2,1,1,1,1,2,2,1.15			
beach,island,0,0,0,0,2,4,4,3,2,3,2,2,4,2.00			
story,topic,0,0,1,0,5,3,2,1,2,1,1,4,1,1.62			
game,fun,0,0,2,0,3,3,5,2,3,2,2,4,3,2.23			
weekend,week,3,0,0,0,4,2,6,2,5,4,3,5,5,3.00			
couple,pair,8,8,10,10,5,3,5,7,7,7,6,6,7,6.85								
purse,bag,9,5,8,8,3,2,4,1,1,2,2,5,8,4.46			
ceiling,cathedral,0,0,8,0,3,4,3,1,0,0,1,0,2,1.69			
bean,coffee,3,0,1,0,3,2,4,0,0,0,0,0,1,1.08			
wood,paper,3,0,0,0,2,2,6,0,0,0,0,2,0,1.15			
top,side,3,0,0,0,5,2,3,3,3,2,3,2,0,2.00			
crime,fraud,5,3,7,4,3,2,2,6,5,5,5,6,8,4.69			
pain,harm,2,3,1,9,3,4,3,4,4,3,4,6,5,3.92			
lover,companion,2,1,8,7,5,2,3,7,0,5,4,3,0,3.62			
evening,dusk,8,5,10,8,3,5,2,3,2,3,2,4,7,4.77			
wine,liquor,5,1,7,2,6,7,6,5,9,8,4,8,8,5.85					
belief,opinion,7,6,4,3,3,6,5,2,5,9,4,6,9,5.31			
reality,illusion,0,0,3,5,4,0,0,0,0,1,0,0,1,1.08			
pact,agreement,9,9,5,0,4,9,9,9,9,10,9,8,9,7.62			
wealth,poverty,0,0,1,6,6,0,0,0,0,0,0,0,1,1.08			
accident,emergency,5,0,3,3,3,3,2,1,2,3,2,2,5,2.62			
battle,conquest,6,0,5,4,6,3,3,2,1,1,3,3,1,2.92						
illness,infection,7,5,6,6,3,4,3,3,3,6,4,3,5,4.46			
game,trick,6,0,3,5,3,0,1,0,0,1,0,2,1,1.69			
oak,maple,8,0,3,5,3,0,1,1,1,6,1,5,4,2.92						
car,bicycle,3,0,1,6,3,0,0,0,0,5,0,0,4,1.69			
goal,quest,7,6,2,4,2,4,3,2,3,5,2,0,2,3.23			
august,month,6,0,6,4,5,3,3,3,3,5,3,3,5,3.77			
army,squad,5,2,8,5,2,3,3,3,2,6,2,5,6,4.00			
cloud,weather,5,0,4,6,4,2,2,2,2,5,2,3,4,3.15						
canyon,valley,7,3,5,4,4,2,3,4,3,9,2,6,8,4.62			
river,valley,6,0,5,4,2,2,1,2,2,3,3,0,2,2.46			
sun,sky,5,0,1,4,4,2,2,1,1,2,2,2,4,2.31			
target,arrow,3,0,2,1,2,3,2,2,2,3,3,0,1,1.85			
chocolate,pie,5,0,3,3,2,3,2,2,2,3,3,0,4,2.46			
circumstance,situation,8,9,2,4,3,3,2,3,2,8,3,3,9,4.54			
opinion,choice,2,0,4,5,4,4,7,6,7,1,6,2,2,3.85			
rhythm,melody,6,5,4,4,2,7,6,7,7,5,6,4,1,4.92			
gut,nerve,5,0,3,3,3,2,1,0,1,1,1,1,1,1.69			
day,dawn,5,0,2,4,3,2,3,3,3,1,2,1,1,2.31					
arm,vein,4,0,2,2,3,3,2,3,3,3,3,1,1,2.31			
room,bath,3,0,5,5,2,0,0,1,2,0,0,1,4,1.77			
corporation,business,8,9,8,6,6,5,5,5,5,10,5,6,9,6.69			
fun,football,3,0,2,3,4,3,3,2,2,2,3,2,4,2.54			
hill,cliff,2,0,5,3,3,1,2,3,1,5,1,1,3,2.31			
bone,ankle,2,0,3,5,3,2,2,1,2,4,1,2,4,2.38			
apple,candy,1,0,3,3,3,0,0,0,0,1,0,0,1,0.92			
lemon,tea,1,0,2,5,6,0,0,0,0,1,0,0,3,1.38					
basketball,baseball,5,0,2,3,3,0,1,0,0,5,0,0,4,1.77			
rice,bean,3,0,8,4,2,0,0,0,0,1,0,0,4,1.69			
bed,furniture,5,0,6,5,1,3,3,2,2,0,2,0,1,2.31			
emotion,passion,6,6,3,3,3,7,7,8,7,7,4,4,8,5.62			
anarchy,chaos,8,8,4,4,3,9,9,9,9,9,9,9,8,7.54			
crime,violation,7,6,3,4,5,5,3,4,4,6,5,6,8,5.08			
machine,engine,0,0,0,0,6,1,8,0,3,5,2,1,8,2.62			
beach,sea,0,0,1,6,2,4,5,0,3,3,8,6,8,3.54			
alley,bowl,0,0,0,1,0,1,0,0,1,0,2,2,2,0.69			
jar,bottle,4,0,4,6,7,7,6,0,4,6,5,5,4,4.46			
strength,capability,1,10,4,3,6,1,6,0,4,3,3,6,2,3.77			
seed,mustard,0,0,0,1,3,1,0,0,1,2,0,1,1,0.77			
guitar,drum,0,0,0,1,2,2,0,0,1,1,0,5,1,1.00			
opinion,idea,6,10,9,2,8,7,7,10,6,6,3,5,1,6.15			
north,west,0,0,0,0,0,2,0,0,0,1,0,1,0,0.31			
diet,salad,0,0,0,0,2,3,2,0,2,1,0,1,1,0.92			
meter,yard,1,7,1,0,5,1,6,0,3,5,4,5,7,3.46			
beer,champagne,0,0,1,3,6,7,7,0,4,5,3,6,7,3.77			
motor,boat,0,0,0,1,1,1,1,0,2,2,0,1,1,0.77			
card,bridge,0,0,0,1,1,1,0,0,1,0,0,1,0,0.38			
science,psychology,1,7,4,3,4,1,7,0,3,6,1,1,8,3.54			
sinner,saint,0,0,0,0,1,2,0,0,0,1,0,1,1,0.46			
destruction,construction,0,0,0,0,1,1,0,0,0,0,0,1,1,0.31			
crowd,bunch,6,7,4,1,3,10,7,0,9,8,1,8,4,5.23			
beach,reef,0,0,1,1,0,3,0,0,1,1,4,4,3,1.38			
bread,cheese,0,0,0,0,2,1,0,0,3,2,0,1,0,0.69			
champion,winner,10,10,9,5,0,10,9,1,9,8,6,6,10,7.15			
celebration,ceremony,0,10,8,8,8,8,9,0,8,8,5,8,4,6.46			
menu,order,0,4,1,3,2,8,7,2,7,7,4,5,3,4.08			
wealth,prestige,0,7,5,1,7,5,5,0,3,4,1,5,2,3.46			
endurance,strength,3,10,9,1,1,8,7,0,8,9,4,1,7,5.23			
danger,threat,3,7,10,7,10,10,7,0,8,8,9,6,8,7.15			
body,stomach,0,6,0,1,2,1,2,0,2,1,0,1,3,1.46			
tongue,throat,0,0,0,1,2,1,1,0,0,1,1,4,6,1.31			
house,carpet,0,0,0,0,0,1,0,0,2,2,0,1,1,0.54			
intelligence,skill,0,5,1,1,5,3,6,10,7,7,0,5,1,3.92			
journey,conquest,0,10,1,3,3,1,1,0,0,0,1,1,6,2.08			
death,catastrophe,3,0,8,1,0,3,6,0,2,4,3,6,3,3.00			
monster,demon,10,4,9,4,3,9,7,0,7,7,3,6,4,5.62			
day,morning,1,0,0,0,0,2,8,0,4,5,0,5,3,2.15			
song,story,0,0,0,1,2,1,4,0,1,0,0,1,2,0.92			
ray,sunshine,1,0,0,2,2,4,0,2,4,5,0,5,7,2.46				
chicken,rice,2,0,0,1,0,0,2,1,0,0,1,1,0,0.62			
box,elevator,0,0,3,1,0,0,7,0,0,4,0,0,3,1.38			
butter,potato,4,0,0,0,0,0,0,0,2,0,0,0,0,0.46			
apartment,furniture,6,0,0,2,0,0,1,2,6,0,0,0,2,1.46			
lake,swamp,2,4,2,3,7,7,7,3,3,2,3,6,7,4.31			
salad,vinegar,4,0,0,1,0,0,2,3,5,0,1,0,0,1.23			
flower,bulb,1,5,2,7,0,0,8,6,9,3,0,0,6,3.62			
cloud,mist,4,0,5,6,8,4,7,7,6,7,4,8,6,5.54			
sugar,honey,7,3,3,5,9,9,6,3,3,7,1,2,6,4.92			
body,shoulder,2,0,3,2,0,0,7,4,7,0,1,0,5,2.38			
idea,image,4,4,6,8,1,1,8,1,0,6,0,0,6,3.46						
moon,planet,3,0,2,3,6,0,9,2,6,2,1,2,3,3.00			
ball,costume,6,0,0,3,0,0,2,3,5,0,0,0,5,1.85			
rail,fence,5,6,2,6,0,8,8,5,9,2,0,0,8,4.54			
room,bed,5,0,0,2,0,0,2,4,7,3,2,1,2,2.15			
flower,bush,3,4,3,7,0,0,6,5,6,2,1,7,5,3.77			
bone,knee,3,4,0,0,2,0,6,3,7,4,5,2,5,3.15			
arm,knee,4,0,0,1,1,0,1,2,0,0,2,4,0,1.15			
bottom,side,0,0,3,2,0,0,0,3,0,0,1,0,0,0.69			
vessel,vein,6,0,4,8,0,0,8,4,7,0,1,0,2,3.08			
meat,sandwich,6,0,0,3,0,0,6,3,8,1,4,0,2,2.54			
belief,concept,7,2,5,8,3,9,8,6,3,7,3,0,8,5.31			
intelligence,insight,5,6,1,8,8,9,7,7,7,6,0,7,6,5.92			
attention,interest,7,5,7,7,2,8,8,8,8,3,7,6,8,6.46			
attitude,confidence,6,0,6,7,0,1,8,7,0,4,4,8,5,4.31			
right,justice,6,5,5,7,1,3,9,8,8,4,6,4,5,5.46			
argument,agreement,0,0,0,0,0,0,1,0,0,0,3,0,0,0.31			
depth,magnitude,7,6,7,7,6,8,9,9,10,4,3,0,7,6.38			
medium,news,0,0,0,3,8,0,8,3,5,4,1,0,4,2.77			
birthday,date,6,0,0,3,1,0,6,6,6,3,4,1,4,3.08			
fee,payment,7,7,7,2,6,10,8,8,6,8,5,2,7,6.38			
bible,hymn,4,0,5,2,1,0,6,5,10,1,0,0,2,2.77			
exit,doorway,3,4,8,9,6,1,9,6,10,6,2,6,7,5.92			
aisle,hall,5,5,8,7,3,9,6,6,4,2,10,10,8,6.38			
whiskey,gin,7,4,3,5,7,0,6,3,10,2,6,2,5,4.62			
blood,marrow,4,0,0,0,0,0,6,4,0,0,0,0,2,1.23			
oil,mink,0,0,0,0,1,0,3,3,4,0,0,0,3,1.08			
floor,deck,5,5,5,7,2,9,9,6,9,6,6,7,8,6.46			
roof,floor,0,0,0,1,0,0,0,3,0,0,0,0,0,0.31			
door,floor,1,0,0,3,0,0,0,0,0,0,0,0,0,0.31			
shoulder,head,2,0,0,0,0,0,1,3,2,1,0,2,1,0.92			
wagon,carriage,8,5,8,7,0,9,8,8,10,8,6,6,8,7.00			
car,carriage,6,0,3,6,0,4,6,6,8,7,6,7,6,5.00			
elbow,ankle,0,0,0,0,1,0,1,0,0,2,0,0,0,0.31			
wealth,fame,9,6,1,0,2,0,6,6,6,4,5,2,2,3.77			
sorrow,shame,3,5,2,10,2,6,6,6,5,6,5,4,2,4.77			
administration,management,8,10,9,8,10,10,4,2,8,9,5,5,4,7.08			
communication,conversation,0,9,9,9,10,9,3,2,10,4,5,2,4,5.85			
pollution,atmosphere,1,0,0,0,2,0,6,6,6,7,0,3,2,2.54			
anatomy,biology,0,3,5,1,9,4,6,6,10,5,0,3,6,4.46			
college,profession,0,0,0,0,2,0,6,3,8,5,5,3,0,2.46			
book,topic,0,0,3,0,2,0,3,2,6,4,5,0,1,2.00			
formula,equation,7,10,9,9,10,9,6,6,8,9,0,1,6,6.92			
book,information,2,2,5,0,1,0,2,2,5,6,5,0,0,2.31					
sky,universe,0,0,6,0,2,4,6,6,5,6,0,0,3,2.92					
college,class,1,4,6,0,10,0,6,7,7,8,5,3,5,4.77			
meter,inch,0,2,0,0,0,0,2,7,6,8,5,3,1,2.62			
polyester,cotton,3,3,0,0,0,0,2,2,4,5,0,2,4,1.92					
violin,instrument,1,6,9,8,10,6,3,6,8,2,5,2,4,5.38			
camp,cabin,0,4,6,0,2,0,7,6,1,5,0,3,3,2.85			
pot,appliance,1,0,1,0,9,0,4,3,1,7,5,1,4,2.77			
linen,fabric,6,8,9,0,10,9,7,7,2,8,5,3,6,6.15			
whiskey,champagne,4,3,1,0,10,0,2,4,5,7,0,2,3,3.15					
cottage,cabin,7,9,9,0,9,8,2,3,7,9,0,5,4,5.54			
bird,hen,2,8,9,3,9,5,2,3,7,8,5,4,6,5.46			
racket,noise,8,8,10,0,10,0,3,1,1,8,0,0,10,4.54			
sunset,evening,5,8,8,0,10,0,6,6,7,8,5,3,4,5.38			
drizzle,rain,9,7,9,10,9,8,9,9,10,9,10,10,10,9.15			
charcoal,coal,8,9,9,10,2,9,8,9,10,8,10,0,4,7.38			
body,spine,1,1,4,0,2,0,3,1,3,7,5,1,3,2.38			
head,nail,0,1,1,0,0,0,3,2,1,2,0,2,0,0.92			
log,timber,7,8,9,10,10,7,1,1,10,0,0,0,0,4.85			
spoon,cup,1,1,1,0,0,0,2,1,3,6,0,0,0,1.15			
body,nerve,1,0,2,0,2,0,4,2,3,4,5,0,2,1.92					
bone,neck,0,1,3,0,2,0,2,4,1,6,5,2,2,2.15			
frustration,anger,9,8,6,6,10,6,7,7,6,5,0,2,5,5.92			
river,sea,0,5,1,2,9,0,2,1,6,7,5,1,4,3.31			
task,job,9,10,10,10,10,9,6,7,10,10,0,0,0,7.00			
club,society,7,10,7,8,9,9,2,2,9,4,5,1,2,5.77			
reflection,image,7,8,9,0,9,0,7,7,3,7,5,0,0,4.77			
snow,weather,1,7,7,0,10,3,4,3,5,6,5,3,3,4.38					
root,grass,0,1,1,0,9,0,2,2,5,7,5,1,2,2.69			
brow,eye,0,6,2,0,1,0,2,2,6,5,5,0,0,2.23			
money,pearl,0,0,4,6,3,0,0,0,0,0,5,1,2,1.62			
money,diamond,0,2,6,6,1,0,0,2,0,0,5,1,7,2.31			
vehicle,bus,2,4,8,8,7,5,5,3,6,5,5,5,8,5.46			
cab,bus,0,3,8,8,3,0,0,3,1,0,5,2,8,3.15			
house,barn,1,1,6,6,1,5,5,2,1,5,5,1,4,3.31			
finger,palm,1,1,6,2,3,0,0,3,1,0,0,0,2,1.46			
car,bridge,0,1,2,3,1,5,0,0,0,0,5,0,0,1.31			
effort,difficulty,6,5,4,5,4,5,0,1,2,0,5,2,7,3.54			
fact,insight,0,7,6,6,1,0,5,2,2,5,0,2,8,3.38			
job,management,1,0,6,6,2,5,5,2,2,0,5,0,3,2.85			
cancer,sickness,2,5,6,7,4,5,5,4,5,5,5,4,8,5.00			
word,newspaper,0,0,6,4,5,4,5,3,3,5,0,3,4,3.23			
composer,writer,7,10,1,4,1,5,0,2,1,0,0,0,8,3.00			
shelter,hut,7,7,7,7,4,5,5,2,1,5,5,0,8,4.85			
bathroom,kitchen,0,3,6,1,3,5,0,0,0,0,5,0,6,2.23			
cabin,hut,6,6,3,3,5,0,0,1,1,0,0,1,10,2.77			
door,kitchen,0,0,3,2,1,0,0,0,0,5,0,0,5,1.23			
value,belief,7,9,6,6,2,5,0,3,1,0,0,4,9,4.00			
wisdom,intelligence,8,10,7,6,4,10,10,3,2,10,10,1,9,6.92			
ignorance,intelligence,0,0,4,4,1,0,0,2,2,0,0,1,0,1.08			
happiness,luck,1,0,6,7,2,5,5,2,2,5,0,2,5,3.23			
idea,scheme,8,10,7,6,4,5,5,6,5,10,5,6,9,6.62			
mood,emotion,8,9,7,7,6,0,0,2,2,5,0,2,7,4.23			
happiness,peace,1,1,7,8,5,5,5,1,1,5,5,1,6,3.92			
despair,misery,9,8,6,6,2,10,5,1,1,5,5,2,9,5.31			
logic,arithmetic,2,2,6,6,4,0,0,1,2,0,0,2,7,2.46			
denial,confession,0,0,3,4,5,0,0,2,2,5,0,3,5,2.23			
argument,criticism,4,8,6,7,2,5,5,3,2,5,0,2,7,4.31			
aggression,hostility,8,10,6,6,2,0,0,1,2,0,0,3,10,3.69			
hysteria,confusion,9,9,3,4,4,0,0,2,1,0,0,1,5,2.92			
chemistry,theory,0,0,6,4,6,5,5,3,3,0,0,4,2,2.92			
trial,verdict,2,1,7,6,5,5,5,2,2,5,5,2,8,4.23			
comfort,safety,4,8,6,6,5,5,5,1,2,5,5,2,8,4.77			
confidence,self,1,0,8,7,3,0,5,2,2,5,5,4,7,3.77			
vision,perception,9,9,2,6,3,0,0,2,2,0,0,2,9,3.38			
era,decade,1,2,6,7,3,5,5,1,2,5,5,1,10,4.08			
biography,fiction,1,0,2,3,2,5,5,2,1,5,0,2,5,2.54			
discussion,argument,5,3,7,7,9,10,10,1,1,10,10,2,8,6.38			
code,symbol,7,9,4,3,6,0,0,4,4,0,0,3,5,3.46			
danger,disease,0,1,6,7,2,5,5,0,1,0,5,4,4,3.08			
accident,catastrophe,7,8,7,7,3,10,10,3,1,10,10,1,5,6.31			
journey,trip,8,10,6,7,1,10,10,1,1,10,5,1,10,6.15			
activity,movement,1,10,6,6,2,5,5,1,6,10,5,2,8,5.15			
gossip,news,6,4,7,6,3,0,0,0,0,5,0,1,7,3.00			
action,course,1,0,3,3,1,0,0,1,1,0,0,0,6,1.23			
fever,illness,7,6,7,6,7,5,5,2,2,5,5,1,8,5.08			
aviation,flight,2,10,6,6,3,5,5,1,1,10,5,2,9,5.00			
game,action,1,1,6,6,6,5,5,0,0,0,5,0,1,2.77			
molecule,air,0,6,3,0,4,4,5,1,1,2,5,1,6,2.92			
home,state,0,6,2,0,4,3,3,0,2,3,0,2,3,2.15			
word,literature,6,0,7,10,2,3,5,1,1,2,5,1,6,3.77			
newspaper,information,0,6,7,2,5,6,3,0,0,0,5,0,6,3.08			
communication,television,0,5,7,2,5,5,4,0,1,1,0,0,6,2.77			
area,corner,6,5,6,2,2,4,4,0,2,2,5,2,4,3.38			
ballad,song,9,9,10,10,4,4,6,8,7,7,0,5,6,6.54			
wall,decoration,0,0,0,2,3,2,3,0,1,1,0,1,6,1.46			
word,page,0,6,1,0,2,3,3,0,2,0,0,1,3,1.62			
book,essay,4,6,6,1,1,2,3,0,2,1,5,2,2,2.69					
article,journal,6,8,7,10,3,4,6,1,2,2,5,3,6,4.85			
breakfast,supper,0,0,4,0,3,1,4,0,7,7,5,7,4,3.23			
crowd,parade,0,3,1,9,4,5,5,0,1,1,0,1,7,2.85			
aisle,hallway,9,8,8,9,5,6,6,1,5,2,10,2,6,5.92					
hip,lip,0,0,0,0,6,6,6,0,0,1,0,1,7,2.08			
book,article,5,7,6,2,3,5,3,0,1,0,5,2,4,3.31			
room,cell,0,7,2,9,4,0,1,2,5,4,0,4,3,3.15			
box,booth,0,7,5,9,6,1,3,6,2,1,0,1,4,3.46			
limb,leg,4,9,8,9,2,4,4,0,2,2,5,2,8,4.54			
liver,lung,4,6,1,0,4,3,2,0,1,1,5,1,3,2.38			
classroom,hallway,0,5,3,2,6,5,3,0,1,2,0,1,3,2.38			
mountain,ledge,0,5,1,0,5,3,2,0,1,2,0,1,6,2.00			
car,elevator,0,0,0,0,2,3,3,0,0,0,0,0,0,0.62			
bed,couch,0,5,1,1,4,1,3,2,1,1,0,2,3,1.85			
clothes,button,0,3,1,0,5,5,5,0,1,2,0,1,6,2.23			
clothes,coat,4,7,3,10,7,7,6,3,1,3,5,2,6,4.92			
kidney,organ,7,8,7,10,4,3,4,0,1,2,0,2,6,4.15			
apple,sauce,0,5,3,2,3,3,3,0,1,1,5,0,0,2.00			
car,hose,0,0,0,0,2,0,3,0,1,1,0,1,1,0.69			
tobacco,cigarette,7,9,7,9,9,9,3,6,7,7,5,7,9,7.23
pipe,cigar,6,7,4,0,3,4,4,7,3,3,0,2,4,3.62			
milk,juice,1,6,3,0,2,5,3,0,0,0,0,1,3,1.85			
box,cigar,0,0,1,0,2,3,3,0,2,1,0,2,4,1.38			
apartment,hotel,2,5,3,9,2,6,5,6,2,3,5,2,6,4.31			
cup,cone,0,3,3,0,3,2,2,0,1,2,0,1,3,1.54			
throat,nose,2,0,1,0,3,2,3,0,2,2,5,1,3,1.85			
bone,teeth,1,1,3,5,4,4,4,2,1,5,7,2,5,3.38			
bone,elbow,0,0,3,4,3,3,4,3,0,0,0,1,7,2.15			
bacon,bean,0,0,1,4,3,3,0,1,0,0,0,2,0,1.08			
cup,jar,5,0,3,3,3,3,2,3,4,0,2,5,9,3.23			
proof,fact,2,7,3,4,4,4,3,4,4,10,8,1,9,4.85			
appointment,engagement,6,6,3,5,2,5,2,4,8,5,10,2,8,5.08			
birthday,year,1,3,3,3,4,4,4,3,0,0,0,0,1,2.00			
word,clue,0,0,3,2,2,3,2,2,0,0,0,2,3,1.46					
atom,carbon,0,0,4,3,5,5,4,4,0,0,5,1,4,2.69						
letter,paragraph,1,0,2,3,3,4,2,3,0,1,5,2,1,2.08			
page,paragraph,1,0,1,2,3,4,2,2,0,0,7,1,1,1.85			
steeple,chapel,2,3,6,6,7,6,2,6,8,10,0,1,5,4.77			
muscle,bone,2,0,4,4,3,3,4,3,2,0,0,1,2,2.15			
muscle,tongue,0,1,3,3,3,2,3,3,2,2,6,2,3,2.54			
belly,abdomen,1,8,8,8,8,7,8,8,7,10,10,1,10,7.23				
bed,chair,2,0,2,2,1,1,3,2,2,0,0,2,2,1.46			
clothes,jacket,3,0,7,3,7,6,7,4,2,2,6,3,4,4.15			
gun,knife,6,0,0,2,3,3,2,2,1,3,0,0,2,1.85			
tin,metal,1,2,5,3,4,5,4,4,6,0,7,1,5,3.62			
bottle,container,2,2,4,2,4,5,3,3,3,0,3,1,9,3.15					
meat,bread,0,0,2,2,3,3,3,2,0,0,0,0,1,1.23			
arm,bone,1,0,5,4,4,3,2,2,1,0,4,1,4,2.38			
neck,spine,1,2,4,3,5,3,4,2,3,0,0,1,5,2.54			
apple,lemon,1,0,3,2,1,0,4,2,1,0,0,0,3,1.31			
agony,grief,2,2,2,5,6,6,6,3,8,8,8,8,0,4.92			
assignment,task,7,8,4,2,3,3,2,4,10,10,10,0,10,5.62			
night,dawn,3,0,0,4,1,0,0,1,1,0,0,1,2,1.00			
dinner,soup,1,0,2,3,3,3,2,2,1,0,2,1,2,1.69			
calf,bull,5,0,6,5,7,8,7,6,2,0,0,1,5,4.00			
snow,storm,1,0,3,3,3,4,3,2,1,0,0,1,5,2.00			
nail,hand,2,0,6,5,5,7,4,4,0,0,0,1,4,2.92			
arm,neck,1,0,3,4,2,3,0,3,0,0,0,0,0,1.23			
ball,glove,1,0,3,3,3,2,2,2,1,0,0,3,3,1.77			
flu,fever,2,7,2,4,4,6,6,6,2,5,2,2,5,4.08			
fee,salary,2,2,5,4,4,7,5,5,0,0,0,2,2,2.92			
nerve,brain,0,0,6,5,4,5,4,5,1,0,0,2,5,2.85			
alcohol,wine,2,2,6,5,5,7,5,6,1,1,8,7,8,4.85			
nose,mouth,1,0,2,4,5,3,3,3,2,0,0,1,3,2.08			
street,car,0,0,2,2,4,3,1,3,1,0,0,1,4,1.62			
bell,door,0,0,2,2,3,3,2,2,1,0,0,2,4,1.62			
box,hat,1,0,0,2,2,1,2,1,2,0,1,1,1,1.08			
belief,impression,2,3,9,3,5,6,4,4,3,0,2,2,1,3.38			
bias,opinion,1,6,9,5,5,6,5,5,2,0,2,3,1,3.85			
attention,awareness,2,8,10,5,6,6,6,2,4,6,8,7,7,5.92			
anger,mood,2,4,2,5,5,4,6,7,3,3,2,2,3,3.69			
elegance,style,6,1,10,5,4,5,5,5,5,3,2,2,2,4.23			
beauty,age,2,0,2,4,5,6,5,5,2,2,0,0,0,2.54			
book,theme,2,0,2,1,2,4,2,3,3,0,0,1,1,1.62			
vitamin,iron,1,2,2,3,4,5,3,4,5,2,3,3,3,3.08			
car,factory,1,0,2,3,2,3,1,4,5,0,1,2,0,1.85			
pact,condition,6,0,0,4,5,5,6,4,2,0,1,1,5,3.00			
chapter,choice,1,0,0,3,3,3,2,2,3,0,1,0,0,1.38			
arithmetic,rhythm,1,0,0,3,2,2,3,3,2,0,1,3,2,1.69				
belief,flower,0,0,0,2,2,3,3,3,2,0,0,0,0,1.15			
trick,size,0,0,0,2,1,2,1,3,3,0,0,0,0,0.92			
choice,vein,0,0,0,3,2,2,3,1,3,0,2,1,1,1.38			
hymn,conquest,2,0,0,2,3,3,2,2,2,0,0,0,0,1.23			
endurance,band,1,0,0,2,2,3,3,3,2,0,0,0,0,1.23			
jail,choice,0,0,0,2,3,1,2,3,2,0,1,1,2,1.31			
condition,boy,0,0,0,2,1,1,2,2,2,0,0,1,0,0.85			
flower,endurance,0,0,0,1,3,3,2,3,2,0,0,0,0,1.08			
hole,agreement,0,0,0,3,2,3,3,2,3,0,0,0,0,1.23					
fraternity,door,0,0,0,2,4,2,2,4,3,0,1,1,0,1.46				
fraternity,baseball,1,0,0,2,2,3,2,3,3,0,1,1,2,1.54			
cent,size,0,0,0,4,5,3,5,6,6,0,0,0,0,2.23			
presence,door,0,0,0,2,2,5,3,2,3,0,1,1,2,1.62			
task,highway,0,0,0,2,3,3,2,2,2,0,0,0,0,1.08			
liquor,century,0,0,0,2,2,3,1,2,2,0,0,0,0,0.92			
task,straw,0,0,0,2,2,2,0,2,3,0,0,0,0,0.85			
island,task,0,0,0,2,2,3,2,1,1,0,0,0,0,0.85			
night,chapter,0,0,0,2,3,1,2,3,4,0,1,0,0,1.23				
gun,trick,1,0,0,1,2,3,1,3,2,0,0,0,0,1.00			
bath,trick,0,0,0,2,2,2,4,2,1,0,2,0,0,1.15			
diet,apple,1,0,0,1,2,3,2,1,2,1,1,0,1,1.15					
chapter,tail,0,0,0,2,3,3,2,1,3,3,1,0,0,1.38			
course,stomach,0,0,0,2,3,2,2,3,1,0,0,0,0,1.00			
hymn,straw,0,0,0,2,2,2,3,3,2,0,0,0,0,1.08			
formula,log,0,0,5,0,0,0,0,0,3,3,0,0,0,0.85					
apple,sunshine,0,0,0,0,0,0,0,0,0,0,0,0,0,0.00			
gun,dawn,0,0,0,0,0,0,0,0,0,0,0,0,0,0.00			
meal,waist,1,0,0,0,0,0,0,0,0,0,3,1,3,0.62				
liquor,band,0,0,0,0,0,0,0,0,0,0,0,0,0,0.00			
stomach,vein,1,0,6,0,0,0,0,0,0,0,3,0,0,0.77			
gun,fur,0,0,1,0,0,0,0,0,0,0,1,0,0,0.15			
couch,baseball,0,0,2,0,0,0,0,0,0,0,0,1,2,0.38
cliff,tail,0,0,0,0,0,4,0,0,0,0,0,0,0,0.31			
ankle,window,0,0,0,0,0,0,0,0,0,0,0,0,0,0.00								
wagon,container,0,0,8,1,3,0,5,0,4,9,0,1,0,2.38					
bath,balloon,0,0,0,0,0,0,0,0,0,0,0,0,0,0.00			
stomach,bedroom,0,0,0,0,0,0,0,0,0,0,0,0,0,0.00			
bicycle,bedroom,0,0,0,0,0,0,0,0,0,0,0,0,0,0.00			
log,bath,0,0,0,0,0,0,0,0,0,1,0,0,0,0.08			
bowl,tail,0,0,0,0,0,0,0,0,0,1,0,0,0,0.08			